1 1
78329 78329
999999 999998
688718 664206
317783 297655
339287 315493
715026 692318
159856 138176
1472 2560
476935 452104
941481 916694
196738 175327
901826 878335
842823 819298
596070 574889
49869 28869
171238 149099
250712 228992
966404 945352
204624 180802
605890 585805
118759 94688
34733 12823
785926 762881
352 2064
695225 671491
671872 647681
258776 234798
900026 879230
823226 798343
683185 660848
722959 702849
284241 260314
756058 732665
56360 31427
174395 149620
930257 906880
381894 361398
855838 831387
107445 86016
515287 492409
48155 27422
900046 879970
93902 73863
786450 762592
903712 879510
856566 831822
839044 817927
396059 372806
653358 631383
718334 695693
655400 630862
924833 903197
239233 214799
68617 48573
670529 648178
159172 137151
159404 137195
897074 872175
44201 21601
315059 293997
607061 582466
246989 223830
885804 865331
505164 481168
239555 218818
708336 687217
380626 359480
580147 560052
321204 297325
415668 394562
381383 359845
369583 345099
658021 636191
60538 36987
335429 311865
599838 576225
711945 689921
227976 205092
402674 377677
163462 140231
735763 715205
960153 935381
979007 957954
38823 17186
818876 796800
508468 484727
335039 310272
102270 81724
5704 4126
668892 647113
161427 137138
319144 295995
828896 807664
79950 56097
265988 242314
630690 609587
934061 911551
977806 953186
601479 580370
734268 709528
167820 147735
625574 601039
766677 746305
86747 62791
478308 454091
941137 916718
679056 657911
823893 801218
191398 170653
839230 815654
358060 335215
39904 19298
40894 17933
318441 293530
626371 602540
74458 50791
547488 524148
426280 401754
589835 568401
367069 344505
527448 505068
859129 836786
546738 524108
958928 937887
676347 656079
134462 112540
97078 72594
27371 4687
795560 773009
768891 746533
573398 552880
386461 361783
619934 596665
903862 880626
797371 775506
613753 589606
210831 186283
21042 4531
166328 144971
690425 669741
4910 2799
395672 371332
576200 554008
63416 40112
863698 840636
541099 519489
567416 546351
961297 937071
752073 731646
950899 928115
840818 820497
205337 182125
